-897533.933865
x0 = 229.111047
x1 = 171.340173
x10 = 164.545031
x100 = 2.423075
x101 = 0.000000
x102 = 6.335996
x103 = 0.000000
x104 = 0.000000
x105 = 0.000000
x106 = 14.071473
x107 = 15.212613
x108 = 3.107593
x109 = 0.000000
x11 = 0.000000
x110 = 6.970093
x111 = 7.217028
x112 = 7.223441
x113 = 1.076936
x114 = 8.120928
x115 = 0.000000
x116 = 0.000000
x117 = 0.000000
x118 = 5.114122
x119 = 0.555845
x12 = 0.000000
x120 = 0.000000
x121 = 0.000000
x122 = 0.000000
x123 = 0.000000
x124 = 0.000000
x125 = 0.000000
x126 = 0.000000
x127 = 0.000000
x128 = 0.000000
x129 = 0.000000
x13 = 11.925772
x130 = 0.000000
x131 = 0.000000
x132 = 17.653700
x133 = 17.814230
x134 = 17.574661
x135 = 15.577358
x136 = 0.000000
x137 = 2668.269117
x138 = 0.000000
x139 = 0.000000
x14 = 10.069671
x140 = 0.000000
x141 = 0.000000
x15 = 14.354394
x16 = 0.000000
x17 = 33.951865
x18 = 0.000000
x19 = 0.000000
x2 = 170.049255
x20 = 22.744701
x21 = 0.000000
x22 = 0.000000
x23 = 298.339092
x24 = 0.000000
x25 = 0.000000
x26 = 390.000001
x27 = 1.466801
x28 = 0.000000
x29 = 71.487363
x3 = 0.000000
x30 = 238.654860
x31 = 1358.044526
x32 = 0.000000
x33 = 0.000000
x34 = 236.614953
x35 = 514.293098
x36 = 220.000000
x37 = 482.685243
x38 = 0.000000
x39 = 2408.567902
x4 = 0.000000
x40 = 652.497830
x41 = 1100.000000
x42 = 0.000000
x43 = 200.000000
x44 = 300.000000
x45 = 400.000000
x46 = 0.000000
x47 = 200.000000
x48 = 255.763894
x49 = 769.165863
x5 = 0.000000
x50 = 157.965969
x51 = 0.000000
x52 = 0.000000
x53 = 0.000000
x54 = 5.294864
x55 = 0.000000
x56 = 310.458738
x57 = 23.130174
x58 = 0.000000
x59 = 0.000000
x6 = 0.000000
x60 = 10317.589191
x61 = 10317.602242
x62 = 3442.660528
x63 = 3442.804554
x64 = 3442.682069
x65 = 3442.697260
x66 = 3442.703234
x67 = 0.000000
x68 = 6880.203379
x69 = 6880.220990
x7 = 75.053948
x70 = 8598.950842
x71 = 10317.702408
x72 = 3825.551586
x73 = 0.000000
x74 = 0.000000
x75 = 0.000000
x76 = 0.000000
x77 = 0.000000
x78 = 0.000000
x79 = 0.000000
x8 = 0.000000
x80 = 0.000000
x81 = 0.000000
x82 = 0.000000
x83 = 0.000000
x84 = 1.910990
x85 = 1.333976
x86 = 3.494520
x87 = 3.482863
x88 = 3.544621
x89 = 0.000000
x9 = 0.000000
x90 = 0.000000
x91 = 0.000000
x92 = 0.000000
x93 = 0.000000
x94 = 0.000000
x95 = 2.946522
x96 = 16.421442
x97 = 12.497347
x98 = 2.116837
x99 = 1.426203