-896644.892008
x0 = 230.384125
x1 = 172.288094
x10 = 165.567218
x100 = 9.065844
x101 = 0.316123
x102 = 5.673692
x103 = 0.000000
x104 = 0.000000
x105 = 0.000000
x106 = 14.634306
x107 = 9.228518
x108 = 3.456823
x109 = 11.945525
x11 = 0.000000
x110 = 0.000000
x111 = 0.000000
x112 = 0.000000
x113 = 0.000000
x114 = 10.363247
x115 = 0.000000
x116 = 0.000000
x117 = 0.000000
x118 = 6.882359
x119 = 6.328163
x12 = 0.000000
x120 = 0.000000
x121 = 0.000000
x122 = 0.001120
x123 = 0.000000
x124 = 0.000000
x125 = 0.000000
x126 = 0.000000
x127 = 0.000000
x128 = 0.000000
x129 = 0.000000
x13 = 12.745054
x130 = 0.000000
x131 = 0.000000
x132 = 17.699945
x133 = 17.699955
x134 = 17.699303
x135 = 17.699975
x136 = 0.000000
x137 = 2708.744284
x138 = 0.000000
x139 = 0.000000
x14 = 14.319792
x140 = 0.000000
x141 = 0.000000
x15 = 14.495405
x16 = 0.000000
x17 = 16.570390
x18 = 0.000000
x19 = 0.000000
x2 = 170.000000
x20 = 26.599832
x21 = 0.000000
x22 = 0.000000
x23 = 329.139897
x24 = 0.000000
x25 = 0.000000
x26 = 390.000001
x27 = 0.000000
x28 = 0.000000
x29 = 66.443443
x3 = 0.000000
x30 = 263.311828
x31 = 1333.274753
x32 = 0.000000
x33 = 0.000000
x34 = 244.511814
x35 = 507.110522
x36 = 220.000000
x37 = 475.900902
x38 = 0.000000
x39 = 2374.438261
x4 = 0.000000
x40 = 709.379099
x41 = 1100.000000
x42 = 0.000000
x43 = 200.000000
x44 = 300.000000
x45 = 400.000000
x46 = 0.000000
x47 = 200.000000
x48 = 257.724901
x49 = 0.000000
x5 = 0.000000
x50 = 157.937758
x51 = 0.000000
x52 = 781.177417
x53 = 0.000000
x54 = 5.221644
x55 = 0.000000
x56 = 307.410399
x57 = 22.906583
x58 = 0.000000
x59 = 0.000000
x6 = 0.000000
x60 = 10371.857565
x61 = 10371.859300
x62 = 3460.501817
x63 = 3460.506748
x64 = 3460.521954
x65 = 3460.526748
x66 = 3460.541954
x67 = 0.000000
x68 = 6916.240970
x69 = 6916.242382
x7 = 76.145389
x70 = 8644.105135
x71 = 10371.959300
x72 = 3803.497365
x73 = 0.000000
x74 = 0.000000
x75 = 0.000000
x76 = 0.000000
x77 = 0.000000
x78 = 0.000000
x79 = 0.000000
x8 = 0.000000
x80 = 0.000000
x81 = 0.000000
x82 = 0.000000
x83 = 0.000000
x84 = 3.452711
x85 = 3.452701
x86 = 3.452691
x87 = 3.452681
x88 = 3.452671
x89 = 0.000000
x9 = 0.000000
x90 = 0.000000
x91 = 0.000000
x92 = 0.000000
x93 = 0.000000
x94 = 0.000000
x95 = 3.452661
x96 = 15.916200
x97 = 0.000000
x98 = 9.453084
x99 = 8.170977