225494.960161
x0 = 22.854548
x1 = 0.545452
x10 = 0.000000
x11 = 40.510300
x12 = 0.000000
x13 = 0.000000
x14 = 108.000000
x15 = 0.000000
x16 = 0.000000
x17 = 0.000000
x18 = 13.000000
x19 = 0.000000
x2 = 4.626815
x20 = 0.000000
x21 = 0.000000
x22 = 0.000000
x23 = 0.000000
x24 = 152.417662
x25 = 0.000000
x26 = 112.582338
x27 = 0.000000
x28 = 0.000000
x29 = 109.338993
x3 = 0.000000
x30 = 3.803724
x31 = 3.920125
x32 = 134.000000
x33 = 0.000000
x34 = 0.000000
x35 = 0.000000
x36 = 0.000000
x37 = 0.000000
x38 = 31.000000
x39 = 0.000000
x4 = 0.000000
x40 = 44.061039
x41 = 15.938961
x42 = 111.727122
x43 = 0.000000
x44 = 51.909099
x45 = 0.000000
x46 = 11.370590
x47 = 22.629410
x48 = 0.000000
x49 = 41.500000
x5 = 35.107147
x50 = 0.000000
x51 = 15.478817
x52 = 0.000000
x53 = 15.000000
x54 = 0.000000
x55 = 0.000000
x56 = 3.100000
x57 = 0.000000
x58 = 0.690899
x59 = 0.000000
x6 = 4.793012
x60 = 0.000000
x61 = 175.444923
x62 = 0.000000
x63 = 9.806142
x64 = 0.000000
x65 = 0.000000
x66 = 33.468409
x67 = 9.531591
x68 = 10.293034
x69 = 8.906967
x7 = 2.942729
x70 = 0.000000
x71 = 0.000000
x72 = 6.100000
x73 = 0.000000
x74 = 9.792855
x75 = 313.197429
x76 = 55.431628
x77 = 264.555077
x78 = 0.000000
x79 = 13.200000
x8 = 0.000000
x80 = 0.000000
x81 = 1.314468
x82 = 0.503261
x83 = 0.000000
x84 = 0.000000
x85 = 0.000000
x86 = 0.000000
x87 = 0.000000
x88 = 0.000000
x89 = 0.000000
x9 = 13.779768
x90 = 0.000000
x91 = 13.500000
x92 = 8.737146
x93 = 0.000000
x94 = 31.200001
x95 = 0.000000
x96 = 0.000000