-35991767.762814
x0 = 0.000000
x1 = 0.000000
x10 = 0.000000
x100 = 1235.841055
x101 = 251.720009
x102 = 233.073597
x103 = 0.000000
x104 = 0.000000
x105 = 0.000000
x106 = 992.359551
x107 = 2171.428882
x108 = 3154.826183
x109 = 2220.828336
x11 = 0.000000
x110 = 0.000000
x111 = 0.000000
x112 = 3399.376149
x113 = 2679.092727
x114 = 1706.616418
x115 = 313.863124
x116 = 2408.141804
x117 = 11456.977160
x118 = 0.000000
x119 = 292.411822
x12 = 18.417908
x120 = 726.553876
x121 = 826.498268
x122 = 966.822388
x123 = 233.572534
x124 = 1343.034800
x125 = 0.000000
x126 = 0.000000
x127 = 0.000000
x128 = 0.000000
x129 = 0.000000
x13 = 145426.617842
x130 = 0.000000
x131 = 0.000000
x132 = 0.000000
x133 = 0.000000
x134 = 0.000000
x135 = 0.000000
x136 = 0.000000
x137 = 0.000000
x138 = 0.000000
x139 = -0.000000
x14 = 146.878337
x140 = 0.000000
x141 = 0.000000
x142 = 0.000000
x143 = 0.000000
x144 = 0.000000
x145 = 0.000000
x146 = 0.000000
x147 = 0.000000
x148 = 0.000000
x149 = 0.000000
x15 = 0.000000
x150 = 0.000000
x151 = 0.000000
x152 = 0.000000
x153 = 0.000000
x154 = 0.000000
x155 = 0.000000
x156 = 0.000000
x157 = 0.000000
x158 = 0.000000
x159 = 0.000000
x16 = 0.000000
x160 = 0.000000
x161 = 0.000000
x162 = 0.000000
x17 = 5.038366
x18 = 5340.925884
x19 = 0.000000
x2 = 0.000000
x20 = 0.000000
x21 = 0.000000
x22 = 175057.419096
x23 = 28275.881611
x24 = 0.000000
x25 = 13640.000000
x26 = 12090.580904
x27 = 4120.118389
x28 = 0.000000
x29 = -0.000000
x3 = 0.000000
x30 = 25400.000000
x31 = 0.000000
x32 = 0.000000
x33 = -0.000000
x34 = 236429.024308
x35 = 245377.332267
x36 = 227306.809801
x37 = 0.000000
x38 = 0.000000
x39 = 197523.247384
x4 = 1369.237113
x40 = 205005.770077
x41 = 189904.641680
x42 = 0.000000
x43 = -0.000000
x44 = 68200.000000
x45 = 12000.000000
x46 = 0.000000
x47 = 0.000000
x48 = 0.000000
x49 = 0.000000
x5 = 0.000000
x50 = 0.000000
x51 = 0.000000
x52 = 0.000000
x53 = 0.000000
x54 = 0.000000
x55 = 0.000000
x56 = 0.000000
x57 = 99890.000000
x58 = 25297.000000
x59 = 0.000000
x6 = 0.000000
x60 = 0.000000
x61 = 0.000000
x62 = 150022.693418
x63 = 29959.306582
x64 = 30401.889180
x65 = 0.000000
x66 = 0.000000
x67 = 0.000000
x68 = 0.000000
x69 = 0.000000
x7 = 232200.000000
x70 = 0.000000
x71 = 0.000000
x72 = 68537.000000
x73 = 825673.455812
x74 = 0.000000
x75 = 0.000000
x76 = 0.000000
x77 = 0.000000
x78 = 0.000000
x79 = 0.000000
x8 = 0.000000
x80 = 0.000000
x81 = 0.000000
x82 = 0.000000
x83 = 955196.544188
x84 = 63550.124817
x85 = 0.000000
x86 = 0.000000
x87 = 118071.000000
x88 = 216337.000000
x89 = 310524.000000
x9 = 0.000000
x90 = 0.000000
x91 = 0.000000
x92 = 0.000000
x93 = 0.000000
x94 = 0.000000
x95 = 774.775282
x96 = 1830.824413
x97 = 1900.982634
x98 = 1760.632287
x99 = 98.117068