-896644.823549
x0 = 230.378569
x1 = 172.283927
x10 = 165.569530
x100 = 9.072386
x101 = 0.313471
x102 = 5.678967
x103 = 0.000000
x104 = 0.000000
x105 = 0.000000
x106 = 14.614435
x107 = 14.614445
x108 = 18.129893
x109 = 0.000000
x11 = 0.000000
x110 = 2.655132
x111 = 0.000000
x112 = 0.000000
x113 = 0.000000
x114 = 10.365546
x115 = 0.000000
x116 = 0.000000
x117 = 0.000000
x118 = 6.911477
x119 = 0.939062
x12 = 0.000000
x120 = 0.000000
x121 = 0.000000
x122 = 0.001120
x123 = 0.000000
x124 = 0.000000
x125 = 0.000000
x126 = 0.000000
x127 = 0.000000
x128 = 0.000000
x129 = 0.000000
x13 = 12.735277
x130 = 0.000000
x131 = 0.000000
x132 = 17.700993
x133 = 17.701003
x134 = 17.701013
x135 = 17.701023
x136 = 0.000000
x137 = 2708.493156
x138 = 0.000000
x139 = 0.000000
x14 = 14.308440
x140 = 0.000000
x141 = 0.000000
x15 = 14.472578
x16 = 0.000000
x17 = 16.563422
x18 = 0.000000
x19 = 0.000000
x2 = 170.000000
x20 = 26.607101
x21 = 0.000000
x22 = 0.000000
x23 = 329.176517
x24 = 0.000000
x25 = 0.000000
x26 = 390.000001
x27 = 0.000000
x28 = 0.000000
x29 = 66.417003
x3 = 0.000000
x30 = 263.341218
x31 = 1333.258483
x32 = 0.000000
x33 = 0.000000
x34 = 244.501408
x35 = 507.113412
x36 = 220.000000
x37 = 475.901163
x38 = 0.000000
x39 = 2374.455777
x4 = 0.000000
x40 = 709.386099
x41 = 1100.000000
x42 = 0.000000
x43 = 200.000000
x44 = 300.000000
x45 = 400.000000
x46 = 0.000000
x47 = 200.000000
x48 = 257.721892
x49 = 0.000000
x5 = 0.000000
x50 = 157.941286
x51 = 781.165285
x52 = 0.000000
x53 = 0.000000
x54 = 5.230001
x55 = 0.000000
x56 = 307.408208
x57 = 22.897579
x58 = 0.000000
x59 = 0.000000
x6 = 0.000000
x60 = 10371.828463
x61 = 10371.838463
x62 = 3460.491381
x63 = 3460.501381
x64 = 3460.511381
x65 = 3460.521381
x66 = 3460.531380
x67 = 0.000000
x68 = 6916.229922
x69 = 6916.239922
x7 = 76.140891
x70 = 8644.089193
x71 = 10371.938463
x72 = 3803.672958
x73 = 0.000000
x74 = 0.000000
x75 = 0.000000
x76 = 0.000000
x77 = 0.000000
x78 = 0.000000
x79 = 0.000000
x8 = 0.000000
x80 = 0.000000
x81 = 0.000000
x82 = 0.000000
x83 = 0.000000
x84 = 3.453849
x85 = 3.453839
x86 = 3.453829
x87 = 3.453819
x88 = 3.453809
x89 = 0.000000
x9 = 0.000000
x90 = 0.000000
x91 = 0.000000
x92 = 0.000000
x93 = 0.000000
x94 = 0.000000
x95 = 3.453799
x96 = 1.234200
x97 = 11.940666
x98 = 6.773244
x99 = 8.178119