-1749.900102
x0 = 0.811800
x1 = 0.000000
x10 = 0.000000
x11 = 2.506552
x12 = 8.779504
x13 = 0.000000
x14 = 9.188200
x15 = 20.000000
x16 = 15.449039
x17 = 12.000000
x18 = 8.391978
x19 = 1.159350
x2 = 0.000000
x20 = 0.000000
x21 = 122.570688
x22 = 10.000000
x23 = 20.000000
x24 = 25.000000
x25 = 12.000000
x26 = 15.570690
x27 = 35.000000
x28 = 5.000000
x29 = 122.570688
x3 = 0.000000
x30 = 15.050876
x31 = 35.545498
x32 = 20.837017
x33 = 49.674165
x34 = 66.188174
x35 = 3214.888817
x36 = 3597.519492
x37 = 1770.361117
x38 = 2009.742981
x39 = 5651.993314
x4 = 4.672552
x40 = 6262.646894
x5 = 25.061146
x6 = 5.000000
x7 = 0.000000
x8 = 0.000000
x9 = 9.550961