225495.014626
x0 = 22.854548
x1 = 0.545452
x10 = 0.000000
x11 = 54.290071
x12 = 0.000000
x13 = 0.000000
x14 = 108.000000
x15 = 0.000000
x16 = 0.000000
x17 = 0.000000
x18 = 0.000000
x19 = 0.000000
x2 = 4.626953
x20 = 13.000000
x21 = 0.000000
x22 = 0.000000
x23 = 0.000000
x24 = 213.705061
x25 = 51.294939
x26 = 0.000000
x27 = 0.000000
x28 = 0.000000
x29 = 109.338990
x3 = 0.000000
x30 = 5.946943
x31 = 1.776907
x32 = 63.342936
x33 = 0.000000
x34 = 0.000000
x35 = 70.657064
x36 = 0.000000
x37 = 0.000000
x38 = 31.000000
x39 = 36.149436
x4 = 0.000000
x40 = 0.000000
x41 = 23.850564
x42 = 111.727122
x43 = 0.000000
x44 = 51.909099
x45 = 0.000000
x46 = 4.136689
x47 = 29.863311
x48 = 0.000000
x49 = 41.500000
x5 = 35.107147
x50 = 0.000000
x51 = 15.478818
x52 = 0.000000
x53 = 15.000000
x54 = 0.000000
x55 = 0.000000
x56 = 3.100000
x57 = 0.000000
x58 = 0.690899
x59 = 0.000000
x6 = 0.000000
x60 = 0.000000
x61 = 175.444926
x62 = 0.000000
x63 = 9.806142
x64 = 0.000000
x65 = 0.000000
x66 = 33.468409
x67 = 9.531591
x68 = 10.293035
x69 = 8.906966
x7 = 7.735766
x70 = 0.000000
x71 = 0.000000
x72 = 6.100000
x73 = 0.000000
x74 = 9.792855
x75 = 313.197430
x76 = 55.431627
x77 = 264.555068
x78 = 0.000000
x79 = 13.200000
x8 = 0.000000
x80 = 0.000000
x81 = 1.314468
x82 = 0.503261
x83 = 0.000000
x84 = 0.000000
x85 = 0.000000
x86 = 0.000000
x87 = 0.000000
x88 = 0.000000
x89 = 0.000000
x9 = 0.000000
x90 = 2.649797
x91 = 13.500000
x92 = 6.087327
x93 = 0.000000
x94 = 31.200001
x95 = 0.000000
x96 = 0.000000