-464.753154
x0 = 80.000000
x1 = 25.500001
x10 = 0.000000
x11 = 0.000000
x12 = 18.214287
x13 = 61.785713
x14 = 84.799995
x15 = 500.000000
x16 = 475.920000
x17 = 24.080000
x18 = 0.000000
x19 = 215.000004
x2 = 54.499999
x20 = 359.862863
x21 = 0.000000
x22 = 0.000000
x23 = 0.000000
x24 = 0.000000
x25 = 0.000000
x26 = 0.000000
x27 = 0.000000
x28 = 339.942863
x29 = 24.080000
x3 = 84.799995
x30 = 154.741034
x31 = 0.000000
x4 = 80.000000
x5 = 0.000000
x6 = 0.000000
x7 = 0.000000
x8 = 0.000000
x9 = 0.000000