-897793.122733
x0 = 240.818326
x1 = 180.396489
x10 = 177.409912
x100 = 10.021172
x101 = 0.000000
x102 = 4.990267
x103 = 0.000000
x104 = 0.000000
x105 = 0.000000
x106 = 13.004525
x107 = 14.938326
x108 = 12.136510
x109 = 0.000000
x11 = 0.000000
x110 = 4.837009
x111 = 0.000000
x112 = 0.000000
x113 = 0.000000
x114 = 8.935109
x115 = 0.000000
x116 = 0.000000
x117 = 0.000000
x118 = 3.500175
x119 = 0.635777
x12 = 0.000000
x120 = 0.000000
x121 = 0.000000
x122 = 1.372558
x123 = 0.000000
x124 = 0.000000
x125 = 0.000000
x126 = 0.000000
x127 = 0.000000
x128 = 0.000000
x129 = 0.000000
x13 = 11.142496
x130 = 0.000000
x131 = 0.000000
x132 = 18.458954
x133 = 18.458965
x134 = 18.458974
x135 = 18.458984
x136 = 0.000000
x137 = 2579.372259
x138 = 0.000000
x139 = 0.000000
x14 = 17.328250
x140 = 0.000000
x141 = 0.000000
x15 = 16.462034
x16 = 0.000000
x17 = 45.265363
x18 = 0.000000
x19 = 0.000000
x2 = 170.000000
x20 = 0.000000
x21 = 0.000000
x22 = 0.000000
x23 = 324.259731
x24 = 0.000000
x25 = 0.000000
x26 = 390.000001
x27 = 0.000000
x28 = 0.000000
x29 = 16.121189
x3 = 0.000000
x30 = 259.241914
x31 = 1282.017869
x32 = 0.000000
x33 = 0.000000
x34 = 53.786349
x35 = 649.623671
x36 = 220.000000
x37 = 433.982628
x38 = 0.000000
x39 = 2163.756127
x4 = 0.000000
x40 = 1069.558522
x41 = 1100.000000
x42 = 0.000000
x43 = 200.000000
x44 = 299.919933
x45 = 400.000000
x46 = 0.000000
x47 = 200.000000
x48 = 277.419439
x49 = 0.000000
x5 = 0.000000
x50 = 158.333536
x51 = 11.146015
x52 = 4.047577
x53 = 0.000000
x54 = 5.578850
x55 = 0.000000
x56 = 1133.188464
x57 = 25.050969
x58 = 0.000000
x59 = 0.000000
x6 = 0.000000
x60 = 10845.067919
x61 = 10845.077919
x62 = 3618.198973
x63 = 3618.208973
x64 = 3618.218973
x65 = 3550.999262
x66 = 3618.238973
x67 = 0.000000
x68 = 7231.809012
x69 = 7231.819011
x7 = 72.203688
x70 = 9038.488359
x71 = 10845.177919
x72 = 4466.348590
x73 = 0.000000
x74 = 0.000000
x75 = 0.000000
x76 = 0.000000
x77 = 0.000000
x78 = 0.000000
x79 = 0.000000
x8 = 0.000000
x80 = 0.000000
x81 = 0.000000
x82 = 0.000000
x83 = 0.000000
x84 = 6.071194
x85 = 6.071184
x86 = 2.381257
x87 = 6.071164
x88 = 6.071155
x89 = 0.000000
x9 = 0.000000
x90 = 0.000000
x91 = 0.000000
x92 = 0.000000
x93 = 0.000000
x94 = 0.000000
x95 = 6.071145
x96 = 7.344257
x97 = 11.346564
x98 = 1.700919
x99 = 9.065164