-1748.590522
x0 = 1.537837
x1 = 0.000000
x10 = 0.000000
x11 = 2.981497
x12 = 10.390962
x13 = 0.000000
x14 = 8.462163
x15 = 12.479932
x16 = 25.000000
x17 = 12.000000
x18 = 7.909658
x19 = 0.290906
x2 = 0.000000
x20 = 0.000000
x21 = 122.486404
x22 = 10.000000
x23 = 20.000000
x24 = 25.000000
x25 = 12.000000
x26 = 15.556240
x27 = 35.000000
x28 = 5.000000
x29 = 122.486404
x3 = 0.000000
x30 = 14.282534
x31 = 35.521056
x32 = 20.822689
x33 = 51.496282
x34 = 66.142661
x35 = 3213.404490
x36 = 3593.752183
x37 = 1771.111924
x38 = 2002.237587
x39 = 5640.101301
x4 = 4.665086
x40 = 6279.257450
x5 = 24.318131
x6 = 5.000000
x7 = 0.000000
x8 = 7.520068
x9 = 0.000000